                                                                                
ar                 0   136.500     3.330     0.000     0.000     0.000          
c                  0    71.400     3.298     0.000     0.000     0.000 ! *      
ch                 1    80.000     2.750     0.000     0.000     0.000          
ch2                1   144.000     3.800     0.000     0.000     0.000          
ch2(s)             1   144.000     3.800     0.000     0.000     0.000          
ch2*               1   144.000     3.800     0.000     0.000     0.000
ch3                1   144.000     3.800     0.000     0.000     0.000          
ch4                2   141.400     3.746     0.000     2.600    13.000          
co                 1    98.100     3.650     0.000     1.950     1.800          
co2                1   244.000     3.763     0.000     2.650     2.100          
hco                2   498.000     3.590     0.000     0.000     0.000          
ch2o               2   498.000     3.590     0.000     0.000     2.000          
ch2oh              2   417.000     3.690     1.700     0.000     2.000          
ch3o               2   417.000     3.690     1.700     0.000     2.000          
ch3oh              2   481.800     3.626     0.000     0.000     1.000 ! sve    
                                                                                
c2                 1    97.530     3.621     0.000     1.760     4.000          
c2o                1   232.400     3.828     0.000     0.000     1.000 ! *      
c2h                1   209.000     4.100     0.000     0.000     2.500          
c2h2               1   209.000     4.100     0.000     0.000     2.500          
h2cc               2   209.000     4.100     0.000     0.000     2.500
c2h3               2   209.000     4.100     0.000     0.000     1.000 ! *      
c2h4               2   280.800     3.971     0.000     0.000     1.500          
c2h5               2   252.300     4.302     0.000     0.000     1.500          
c2h6               2   252.300     4.302     0.000     0.000     1.500          
hcco               2   150.000     2.500     0.000     0.000     1.000 ! *      
hccoh              2   436.000     3.970     0.000     0.000     2.000          
ch2co              2   436.000     3.970     0.000     0.000     2.000          
ch2cho             2   436.000     3.970     0.000     0.000     2.000          
c2h2oh             2   224.700     4.162     0.000     0.000     1.000 ! *      
c2h3o1,2           2   224.700     4.162     0.000     0.000     1.000 ! *    
c2h4o1,2           2   224.700     4.162     0.000     0.000     1.000 ! *    


                                                                               



c3h5-t             1   252.000     4.760     0.000     0.000     1.000
c3h4-a             1   252.000     4.760     0.000     0.000     1.000   
c3h4-p             1   252.000     4.760     0.000     0.000     1.000
c3h5-a             1   252.000     4.760     0.000     0.000     1.000
c3h5-s             1   252.000     4.760     0.000     0.000     1.000
c3h2               2   209.000     4.100     0.000     0.000     1.000 ! *      
c3h3               2   252.000     4.760     0.000     0.000     1.000 ! jam    
ac3h4              1   252.000     4.760     0.000     0.000     1.000          
pc3h4              1   252.000     4.760     0.000     0.000     1.000          
cc3h4              1   252.000     4.760     0.000     0.000     1.000
ch2och2            1   252.000     4.760     0.000     0.000     1.000
ch2och             1   252.000     4.760     0.000     0.000     1.000
c2h5cho            1   252.000     4.760     0.000     0.000     1.000
                                                                                
c4h                1   357.000     5.180     0.000     0.000     1.000          
c4h2               1   357.000     5.180     0.000     0.000     1.000          
h2c4o              2   357.000     5.180     0.000     0.000     1.000 ! jam    
c4h2oh             2   224.700     4.162     0.000     0.000     1.000 ! *      
ic4h3              2   357.000     5.180     0.000     0.000     1.000 ! jam    
nc4h3              2   357.000     5.180     0.000     0.000     1.000 ! jam    
c4h4               2   357.000     5.180     0.000     0.000     1.000 ! jam    
ic4h5              2   357.000     5.180     0.000     0.000     1.000 ! jam    
nc4h5              2   357.000     5.180     0.000     0.000     1.000 ! jam    
c4h5-2             2   357.000     5.180     0.000     0.000     1.000 !
c4h6               2   357.000     5.180     0.000     0.000     1.000         
c4h6-2             2   357.000     5.180     0.000     0.000     1.000
c4h612             2   357.000     5.180     0.000     0.000     1.000 
ch3choch2          2   357.000     5.180     0.000     0.000     1.000
                                                                                
c5h2               1   357.000     5.180     0.000     0.000     1.000          
c5h3               1   357.000     5.180     0.000     0.000     1.000          
c5h5               1   357.000     5.180     0.000     0.000     1.000          
c5h6               1   357.000     5.180     0.000     0.000     1.000          
lc5h7              1   357.000     5.180     0.000     0.000     1.000
c4h6o25            1   357.000     5.180     0.000     0.000     1.000
c4h6o23            1   357.000     5.180     0.000     0.000     1.000
c4h4o              1   357.000     5.180     0.000     0.000     1.000
ch2chco            1   357.000     5.180     0.000     0.000     1.000
ch3choch2          1   357.000     5.180     0.000     0.000     1.000
ch2chchcho         1   357.000     5.180     0.000     0.000     1.000
ch3chchco          1   357.000     5.180     0.000     0.000     1.000
c2h3choch2         1   357.000     5.180     0.000     0.000     1.000
ch3chchcho         1   357.000     5.180     0.000     0.000     1.000
                                                                                
c6h                1   357.000     5.180     0.000     0.000     1.000          
c6h2               1   357.000     5.180     0.000     0.000     1.000          
c6h3               2   357.000     5.180     0.000     0.000     1.000  !       
l-c6h4             2   412.300     5.349     0.000     0.000     1.000  !(jam)  
nc6h5              2   412.300     5.349     0.000     0.000     1.000  !(jam)  
i-c6h5             2   412.300     5.349     0.000     0.000     1.000  !(jam)  
l-c6h6             2   412.300     5.349     0.000     0.000     1.000  !(sve)  
n-c6h7             2   412.300     5.349     0.000     0.000     1.000  !(jam)  
i-c6h7             2   412.300     5.349     0.000     0.000     1.000  !(jam)  
c6h8               2   412.300     5.349     0.000     0.000     1.000  !(jam)  
                                                                                
he                 0    10.200     2.576     0.000     0.000     0.000 ! *      
h                  0   145.000     2.050     0.000     0.000     0.000          
h2                 1    38.000     2.920     0.000     0.790   280.000          
h2o                2   572.400     2.605     1.844     0.000     4.000          
h2o2               2   107.400     3.458     0.000     0.000     3.800          
ho2                2   107.400     3.458     0.000     0.000     1.000 ! *      
n2                 1    97.530     3.621     0.000     1.760     4.000          
o                  0    80.000     2.750     0.000     0.000     0.000          
o2                 1   107.400     3.458     0.000     1.600     3.800          
oh                 1    80.000     2.750     0.000     0.000     0.000          
c2h5co             2   424.600     4.820     0.000     0.000     1.000 ! nmm
                                                                                
                                                                                
the lennard-jones parameters of polycyclic aromatic hydrocarbons were estimated 
based on the critical temperature and pressure. see h. wang and m. frenklach,   
"transport properties of polycyclic aromatic hydrocarbons for flame modeling."  
combustion and flame, 96:163-170 (1994)                                         
                                                                                
c-c6h4             2   464.8       5.29      0.00     10.32      0.000  !  benze
c6h6               2   464.8       5.29      0.00     10.32      0.000  !  benze
c6h5               2   464.8       5.29      0.00     10.32      0.000  !  benze
c6h5ch3            2   495.3       5.68      0.43     12.30      1.000  !
c6h5c2h3           2   546.2       6.00      0.13     15.00      1.000  !
c6h5ch2            2   495.3       5.68      0.43     12.30      1.000  !
c6h5c2h            2   535.6       5.72      0.77     12.00      1.000  !
a2                 2   630.4       6.18      0.00     16.50      1.000  !
c-c6h7             2   464.8       5.29      0.00     10.32      0.000  !  benze
c5h4o              2   464.8       5.29      0.00     10.32      0.000  !  benze
c5h5o              2   464.8       5.29      0.00     10.32      0.000  !  benze
c5h4oh             2   464.8       5.29      0.00     10.32      0.000  !  benze
c6h5o              2   464.8       5.29      0.00     10.32      0.000  !  benze
c6h5oh             2   464.8       5.29      0.00     10.32      0.000  !  benze

ac3h5              2   266.800     4.982     0.000     0.000     1.000
ch3cch2            2   266.800     4.982     0.000     0.000     1.000
ch3chch            2   266.800     4.982     0.000     0.000     1.000
c3h6               2   266.800     4.982     0.000     0.000     1.000
c3h7               2   266.800     4.982     0.000     0.000     1.000
c4h6               2   357.000     5.180     0.000     0.000     1.000
ic3h7              2   266.800     4.982     0.000     0.000     1.000
nc3h7              2   266.800     4.982     0.000     0.000     1.000
c3h8               2   266.800     4.982     0.000     0.000     1.000
c4h                1   357.000     5.180     0.000     0.000     1.000
c4h2               1   357.000     5.180     0.000     0.000     1.000
c4h2oh             2   224.700     4.162     0.000     0.000     1.000 ! *
ic4h5              2   357.000     5.176     0.000     0.000     1.000
c4h6               2   357.000     5.176     0.000     0.000     1.000
c4h7               2   357.000     5.176     0.000     0.000     1.000
ic4h7              2   357.000     5.176     0.000     0.000     1.000
c4h81              2   357.000     5.176     0.000     0.000     1.000
c4h82              2   357.000     5.176     0.000     0.000     1.000
ic4h8              2   357.000     5.176     0.000     0.000     1.000
tc4h9              2   357.000     5.176     0.000     0.000     1.000
ic4h9              2   357.000     5.176     0.000     0.000     1.000
pc4h9              2   357.000     5.176     0.000     0.000     1.000
sc4h9              2   357.000     5.176     0.000     0.000     1.000
c4h10              2   357.000     5.176     0.000     0.000     1.000
ic4h10             2   357.000     5.176     0.000     0.000     1.000
ch3coch3           2   357.000     5.176     0.000     0.000     1.000
c2h3cho            2   357.000     5.176     0.000     0.000     1.000
c2h3co             2   357.000     5.176     0.000     0.000     1.000
ic4h7o             2   450.000     5.500     0.000     0.000     1.000 ! jam
ch3cho             2   436.000     3.970     0.000     0.000     2.000
ch3co              2   436.000     3.970     0.000     0.000     2.000
butyne             2   357.000     5.176     0.000     0.000     1.000
butyn2             2   357.000     5.176     0.000     0.000     1.000



c5h5o(2,4)         2   494         5.2       1.6       0.0       1.0
c5h5o(1,2)         2   494         5.2       1.6       0.0       1.0
c5h5o(1,3)         2   494         5.2       1.6       0.0       1.0
c4h5               2   329         5.1       0.0       0.0       1.0
c-c4h5             2   329         5.1       0.0       0.0       1.0
c6h5co             2   593         5.5       2.8       0.0       1.0
c6h5cho            2   593         5.47      2.8       0.0       1.0
c6h5c2h5           2   485         5.425     0.4       0.0       1.0
c6h4o2             2   485         5.425     0.4       0.0       1.0
hoc6h4ch3          2   567         5.60      1.6       0.0       1.0
c6h5ch2oh          2   572         5.82      1.7       0.0       1.0
bi-c6h5ch2         2   620         7.24      0.0       0.0       1.0
c5h5oh             2   464.800     5.290     0.000    10.320     0.000  !  as c5h4oh, zd99
c5h4oh             2   464.800     5.290     0.000    10.320     0.000  !  benze
o-c6h4             2   464.8       5.29      0.00     10.32      0.000  !  benze
c6h5c6h5           2   676.5       6.31      0.00     20.00      1.000  !  biphe
oc6h4ch3           2   567         5.6       1.6       0.0       1.000
c10h8              2   630.4       6.18      0.00     16.50      1.000  !  napht
halene
c6h4ch3            2   495.3       5.68      0.43     12.30      1.000  !

c3h8co            2   464.200     5.009     2.600     0.000     1.000 !   wjp tcpc n-butyraldehyde
c4h8oa            2   464.200     5.009     2.600     0.000     1.000 !   wjp tcpc n-butyraldehyde
c4h8oly           2   464.200     5.009     2.600     0.000     1.000 !   wjp tcpc n-butyraldehyde
c4h6oay           2   464.200     5.009     2.600     0.000     1.000 !   wjp tcpc n-butyraldehyde
c4h8o3           2   464.200     5.009     2.600     0.000     1.000 !   wjp tcpc n-butyraldehyde
c4h7o            2   464.200     5.009     2.600     0.000     1.000 !   wjp tcpc n-butyraldehyde
c2h5oh             2   470.600     4.410     0.000     0.000     1.500 ! nmm
ch3choh            2   470.600     4.410     0.000     0.000     1.500
ch3ch2o            2   470.600     4.410     0.000     0.000     1.500 ! nmm
c2h4oh             2   470.600     4.410     0.000     0.000     1.500
pc2h4oh            2   470.600     4.410     0.000     0.000     1.500
c2h3oh            2   470.600     4.410     0.000     0.000     1.500 ! nmm
ch2ch2oh            2   470.600     4.410     0.000     0.000     1.500
hoc2h4o2           2   443.200     4.120     0.000     0.000     1.000
o2c2h4oh           2   443.200     4.120     0.000     0.000     1.000

ch3coch2           2   357.000     5.176     0.000     0.000     1.000
c2h5coch3          2   454.0       5.413     3.3 0.0 1.0 !   tcpc
ch2ch2coch3        2   454.0       5.413     3.3 0.0 1.0 !   wjp based on methylethylketone (c2h5coch3)
ch3chcoch3         2   454.0       5.413     3.3 0.0 1.0 !   wjp based on methylethylketone (c2h5coch3)
c2h5coch2          2   454.0       5.413     3.3 0.0 1.0 !   wjp
ch3chco            2   443.2       4.120     0.000     0.000     1.000 ! nmm
c2h3coch3          2   454.0       5.413     3.3 0.0 1.0 !   wjp
c2h3coch2          2   454.0       5.413     3.3 0.0 1.0 !   wjp
nc3h7cho           2   464.2   5.009   2.6 0.0 1.0 !   wjp tcpc n-butyraldehyde
nc3h7co            2   464.2   5.009   2.6 0.0 1.0 !   wjp
c3h6cho-2          2   464.2   5.009   2.6 0.0 1.0 !   wjp
c3h6cho-3          2   464.2   5.009   2.6 0.0 1.0 !   wjp
c3h6cho-4          2   464.2   5.009   2.6 0.0 1.0 !   wjp
sc3h5cho           2   464.2   5.009   2.6 0.0 1.0 !   tcpc
sc3h5co            2   464.2   5.009   2.6 0.0 1.0 !   tcpc
c2h5chco           2   464.2   5.009   2.6 0.0 1.0 !   wjp  n-butyraldehyde (nc3h7cho)
ch2ch2cho          2   424.600     4.820     0.000     0.000     1.000 ! nmm
pc2h4cho           2   424.600     4.820     0.000     0.000     1.000 ! nmm
ic3h7cho           2   436.4   5.352   0.0 0.0 1.0 !   wjp, tcpc, isobutyraldehyde
tc3h6cho           2   436.4   5.352   0.0 0.0 1.0 !   wjp
ic3h7co            2   436.4   5.352   0.0 0.0 1.0 !   wjp
ic3h6cho           2   436.4   5.352   0.0 0.0 1.0 !   wjp
ic3h5cho           2   436.4   5.352   0.0 0.0 1.0 !   wjp
ic3h6co            2   436.4   5.352   0.0 0.0 1.0 !   wjp
tc3h6ocho          2   436.4   5.352   0.0 0.0 1.0 !   wjp
ic3h5co            2   436.4   5.352   0.0 0.0 1.0 !   wjp
ic4h7o             2   496.0   5.200     0.000     0.000     1.000 ! nmm
tc3h6oh            2   459.5   5.036   1.7 0.0 1.0 !   wjp
ic3h5oh            2   459.5   5.036   1.7 0.0 1.0 !   wjp
ch3chcho           2   428.8   4.958   2.9 0.0 1.0 !   wjp, acrolein (c2h3cho)
ch3ch2cho          1   252.0   4.760     0.000     0.000     1.000
nc3h7o             2   481.5   4.997   1.7 0.0 1.0 !   wjp
ic3h7o             2   459.5   5.036   1.7 0.0 1.0 !   wjp
c3h5oh             2   459.5   5.036   1.7 0.0 1.0 !   wjp
ch2cch2oh          2   459.5   5.036   1.7 0.0 1.0 !   wjp
c3h4oh             2   459.5   5.036   1.7 0.0 1.0 !   wjp
c3h6oh             2   459.5   5.036   1.7 0.0 1.0 !   wjp
c3h3o              2   459.5   5.036   1.7 0.0 1.0 !   wjp
c3h4o              2   459.5   5.036   1.7 0.0 1.0 !   wjp
c3h5o              2   459.5   5.036   1.7 0.0 1.0 !   wjp
c2h3o              2   436.0   3.970   0.0 0.0 2.0 ! = ch3co
ch3chocho         2  427.000       5.117     2.000    0.000     1.000
c3h6o1-2          2  403.600       4.968     2.000    0.000     1.000
c3h6o1-3          2  403.600       4.968     2.000    0.000     1.000
hoc3h6o2          2  487.900       4.820     0.000    0.000     1.000


ch3chcch            2   357.000     5.180     0.000     0.000     1.000
c4h6-1              2   357.000     5.180     0.000     0.000     1.000
h2cccch2            2   357.000     5.180     0.000     0.000     1.000
ch3ccch2            2   357.000     5.180     0.000     0.000     1.000
ic4h7v              2   357.000     5.176     0.000     0.000     1.000
c4h7-1              2   357.000     5.176     0.000     0.000     1.000
c4h7-3              2   357.000     5.176     0.000     0.000     1.000
c4h7-4              2   357.000     5.176     0.000     0.000     1.000
c4h8-1              2   357.000     5.176     0.000     0.000     1.000
t2c4h8              2   357.000     5.176     0.000     0.000     1.000             
c2c4h8              2   357.000     5.176     0.000     0.000     1.000
nc4h10              2   357.000     5.176     0.000     0.000     1.000
ac3h5cho            2   436.4       5.352     0.000     0.000     1.000 
ac3h5co             2   436.4       5.352     0.000     0.000     1.000 
c2h3chcho          2   436.4   5.352   0.0 0.0 1.0 !   wjp
